20
243431 16839
9282826 189420 126340 99299 121729 221445
9731715 170873 194794 9611 18123 18123
243203 218931
9859469 53111 147884 173718 190067 94081
9012576 195828 146644 47153 156770 156770
241093 170033
9043445 69544 180840 7522 185262 74192
9833881 90898 31267 223463 202633 202633
242603 142078
9054701 198455 168627 51500 48355 191478
9964149 175146 169356 197070 873 873
247391 206886
9103764 145921 85941 192509 16326 169269
9395130 49507 49432 169856 231852 231852
246391 25444
9830202 4390 135114 153169 68594 176434
9914285 169117 69574 129390 120030 120030
5 1
5 2 0 4 0 4
3 2 1 2 4 4
245683 15951
9426988 3857 93164 178627 124136 54532
9470953 240605 31113 119895 219657 219657
246349 58839
9863463 56816 133963 48273 194764 232784
9394717 240571 101816 214792 52334 52334
3 1
5 2 0 0 1 1
5 1 1 2 0 0
244463 26771
9274176 78647 102814 59227 11508 146858
9278344 160889 18390 36359 145490 145490
246167 140831
9077343 19451 51491 175075 169042 68682
9331620 120234 236082 50842 206967 206967
240881 65971
9917820 69605 207733 121919 33689 213843
9847745 125272 123442 7327 111119 111119
246781 42396
9102184 10185 53022 76962 177259 40467
9853028 195672 6898 172261 19963 19963
241597 202867
9507880 190782 78035 178742 152286 80106
9978492 112077 46757 154373 148734 148734
249229 162882
9617872 220272 196799 188910 231803 202281
9993968 175984 103815 151363 119112 119112
244843 127877
9960964 203000 243343 183558 150973 180734
9987843 120874 172180 170714 148963 148963
248597 120682
9260232 153103 199960 184801 117500 50631
9312752 72494 53840 89225 215598 215598
248569 95335
9692812 197525 23850 51961 167535 209225
9640468 233823 143711 110277 69765 69765
247031 45930
9308846 104266 74039 214589 88143 33092
9384159 82322 237505 219691 137784 137784