707
886 2777
6915 7793
8335 5386
492 6649
1421 2362
27 8690
59 7763
3926 540
3426 9172
5736 5211
5368 2567
6429 5782
1530 2862
5123 4067
3135 3929
9802 4022
3058 3069
8167 1393
8456 5011
8042 6229
7373 4421
4919 3784
8537 5198
4324 8315
4370 6413
3526 6091
8980 9956
1873 6862
9170 6996
7281 2305
925 7084
6327 336
6505 846
1729 1313
5857 6124
3895 9582
545 8814
3367 5434
364 4043
3750 1087
6808 7276
7178 5788
3584 5403
2651 2754
2399 9932
5060 9676
3368 7739
12 6226
8586 8094
7539 795
570 1434
378 7467
6601 97
2902 3317
492 6652
756 7301
280 4286
9441 3865
9689 8444
6619 8440
4729 8031
8117 8097
5771 4481
675 709
8927 4567
7856 9497
2353 4586
6965 5306
4683 6219
8624 1528
2871 5732
8829 9503
19 8270
3368 9708
6715 6340
8149 7796
723 2618
2245 2846
3451 2921
3555 2379
7488 7764
8228 9841
2350 5193
1500 7034
7764 124
4914 6987
5856 3743
6491 2227
8365 9859
1936 1432
2551 6437
9228 3275
5407 1474
6121 8858
4395 6029
1237 8235
3793 5818
4428 6143
1011 5928
9529 8776
2404 4443
5763 4613
4538 8606
6840 2904
4818 5128
688 7369
7917 9917
6996 3324
7743 9470
2183 8490
5499 9772
6725 5644
5590 7505
8139 2954
9786 7669
8082 8542
8464 197
9507 9355
8804 6348
8611 3622
7828 9299
7343 5746
5568 4340
5422 3311
3810 7605
1801 5661
3730 4878
1305 9320
8736 9444
8626 8522
3465 6708
3416 8282
3258 2924
7637 2062
5624 2600
2036 3452
1899 9379
5550 7468
71 973
7131 3881
4930 8933
5894 8660
163 7199
7981 8899
2996 2959
3773 2813
9668 7190
1095 2926
6466 5084
1340 2090
7684 3376
5542 5936
9107 7445
9756 9179
8418 6887
9412 3348
2172 1659
2009 2336
5210 6342
7587 8206
9301 7713
7372 5321
1255 4819
4599 7721
9904 5939
9811 3940
5667 1705
6228 1127
9150 5984
6658 3920
9224 2422
7269 1396
4081 5630
84 9292
1972 7672
3850 7625
5385 1222
9299 6640
6042 3898
713 2298
6190 524
2590 8209
8581 8819
9336 7732
1155 5994
8004 379
4769 5273
1776 8850
7255 1860
8142 5579
5884 1993
3205 7621
9567 2504
613 1961
2754 1326
4259 8944
8202 3202
3506 6784
2021 2842
868 9528
5189 8872
9908 9958
498 8036
8808 7753
6248 3303
3333 2133
1648 2890
9754 7567
1746 368
9529 4500
8046 3788
9797 6249
6990 3303
3033 5363
2497 253
4892 7686
9125 1152
3996 5975
9188 9157
3729 5436
2460 3414
3921 460
6304 28
8027 8050
6748 7556
8902 4794
7697 8699
1043 1039
2002 428
6403 4500
681 7647
8538 6159
5151 2535
2134 4339
1692 2215
6127 504
5629 49
964 8285
6429 5343
6335 3177
2900 5238
7971 6949
289 5367
7988 2292
5795 743
3144 2829
8390 1682
5340 3541
569 3826
4232 2261
6042 360
9117 8023
6761 81
6309 3190
5425 8996
6367 4677
4234 690
1626 4524
6057 9614
3168 8205
358 6312
7386 5100
4346 2726
4994 4916
6552 5578
3529 8946
2290 2647
6970 9051
9080 9631
8593 857
8627 1312
1886 9214
8355 3512
90 4412
9479 9610
8969 6189
2274 6355
7641 6620
5433 8987
7888 8338
4566 7770
7284 6856
417 606
2260 5849
237 7205
3059 5217
8518 4945
783 6873
8458 873
7637 4289
483 6607
478 2757
9314 4471
5729 1100
3459 3618
9438 8025
1388 3074
1233 8157
3681 3493
358 270
699 3417
1839 5569
8363 2622
8794 3173
9847 6431
7462 6682
9390 4292
5791 5057
5115 1521
6157 8574
1491 1947
2951 9231
5021 537
3740 5054
4030 4098
5325 1081
7516 3516
3002 2231
6139 1796
5404 2338
4580 9218
9021 3970
9862 4812
5379 4977
2685 1536
9904 4176
3483 9207
9759 4857
9744 3499
9911 127
3950 5236
7560 7818
5105 563
49 1244
8711 1805
9934 3291
7375 8955
3614 3589
3768 8993
4918 2805
6882 4822
6982 6717
4030 3093
1574 126
6593 1486
253 543
3074 7814
4713 8179
8377 4762
5775 7088
2919 5710
6732 294
1017 346
235 1137
5691 5153
3943 2573
6328 925
9291 6710
4018 7217
6836 6963
5055 7090
3858 8130
4904 8571
2661 9633
9685 4789
3073 2604
6851 9805
9250 7868
6503 9485
9006 2195
4639 2949
1120 967
226 6763
7677 596
3981 865
7560 9036
7955 7770
3518 9211
6342 2532
5196 2379
7321 8270
4984 4172
4427 4234
2040 7283
72 7398
5830 1063
347 6950
2030 573
3714 6059
7522 4047
6924 5082
9435 1232
9204 2954
443 1898
5486 5640
4278 9159
262 9262
9683 1041
9848 1723
8324 6272
9122 4154
7335 5821
7457 9365
2747 1171
1776 269
5218 8701
1703 4653
9933 907
3959 6728
2806 5797
8720 7084
1308 5334
2698 991
6376 8898
2715 1052
5171 8189
1559 2506
4010 9016
8224 3109
6539 0
3378 8109
5053 5081
9114 1338
5989 9426
8067 5147
5223 6787
2231 6532
2122 1281
3875 4850
179 6590
2254 5350
1131 3813
7857 1494
9181 6081
4603 5720
2433 7982
181 7487
9415 9296
8825 5404
8722 6892
551 297
32 9134
3181 8506
415 7057
9708 595
9999 1962
2297 7483
5776 154
8977 1309
2587 9932
3382 5021
4266 3563
8860 3682
9211 7685
9086 4285
930 5990
4583 7314
1476 4116
5820 1892
7525 5528
8839 7525
7490 1136
1360 9618
7643 337
928 6582
6621 4310
7955 888
4225 6815
4570 3437
853 8
7722 1783
2350 8657
9097 3827
9126 1269
2071 6651
3149 910
528 639
8398 1888
6610 2393
8577 3890
8976 5199
4552 6931
6087 8777
99 657
8566 952
7017 2641
2735 9368
1298 8184
3195 6776
5805 5266
3428 8954
2528 308
9593 7278
2197 2555
9672 774
6445 5000
2325 997
8283 8412
6127 8382
5421 4693
9334 2439
7334 8421
8159 4985
2957 1354
1761 8762
2972 1541
7716 1852
1850 3662
5482 399
6217 5154
1173 9015
6506 9851
6364 4790
8263 2491
3172 37
3537 8859
8828 871
7280 6987
5856 6590
8341 3970
5352 7665
5511 3069
9517 7361
3083 1351
4112 9300
6506 1638
4667 9364
1489 1032
4154 6104
9875 3679
6141 3412
2538 4969
636 6170
1956 2844
2760 6649
6814 4465
4314 2326
3886 183
6039 6969
1535 152
2621 4393
1790 7289
109 9631
4673 4264
5735 4548
4295 1877
4313 6833
3198 4949
9355 5155
7793 8468
8156 960
2933 8823
3286 3171
5358 5677
140 3245
2181 2761
3990 323
50 4100
9954 1075
8364 2042
5624 2659
3919 6289
5844 3469
1238 1551
4976 5383
19 3133
6343 9304
1956 5981
2475 3666
8011 8967
6912 192
1729 902
6868 8131
5002 3174
9207 9718
5216 1183
2377 5487
7472 4573
8957 5062
6125 3933
6797 2496
3418 3141
8153 1726
5474 6980
5393 3485
5948 2305
30 4029
9559 6898
2160 4562
6424 7719
4280 1641
8902 3010
3480 2726
7583 8789
4140 3708
2723 938
2557 2493
431 710
4220 5905
7690 9613
9391 3638
8270 9421
7667 7829
2671 6180
8743 9095
3899 3024
7088 9154
2386 569
8232 9969
5710 2373
30 8433
9663 2587
7279 94
9649 1499
2351 7339
7464 1742
7330 2086
7515 1349
9915 186
3881 5011
5634 4133
4387 2722
3287 6773
9643 1519
6742 5354
244 3124
139 6259
2063 7418
6353 1712
5269 8705
5404 2733
6799 2734
4819 4315
435 1087
853 669
2450 6487
4802 6837
5562 8089
3610 5205
5960 6704
6911 2557
9829 3403
8816 1892
821 1522
3605 2443
6579 5361
1528 3378
4447 2700
4045 4882
3787 4899
5551 2589
1386 353
9426 6948
4794 3036
8506 7107
6092 5417
9664 5921
8820 8480
4166 5994
6354 4123
8437 2933
9484 6317
6312 3931
9017 6709
5165 9156
1608 7069
1745 2995
7422 1171
6295 8569
559 4801
5676 6652
6571 5340
8925 1743
172 3091
4089 6527
3566 8878
5812 3050
5196 2124
3333 4213
5186 8499
3370 6794
5568 5115
6141 9342
2639 2437
4263 3198
3590 9939
6202 6513
1631 5128
8257 1804
4571 2346
4683 8138
1225 495
7540 6421
8972 7226
634 4158
5725 356
952 7645
5472 3446
3339 8111
5883 7603
7661 5825
7542 216
2339 9174
5344 596
7330 6267
9294 2013
757 519
