20
1 23 491 352 487 40 239 344 241 309 442 55 140 46 227 488 495 312 220 182 245 491 413 111 10 137 422 205 377 41 136 273 204 155 257 246 101 265 228 439 409 46 166 295 107 123 291 60
34 47 2 3 5 7 11 13 17 19 23 29 31 37 41 43 47 53 59 61 67 71 73 79 83 89 97 101 103 107 109 113 127 131 137 139 149 151 157 163 167 173 179 181 191 193 197 199 211 223 227 229 233 239 241 251 257 263 269 271 277 281 283 293 307 311 313 317 331 337 347 349 353 359 367 373 379 383 389 397 401 409 419 421 431 433 439 443 449 457 461 463 467 479 487 491
1 9 441 263 393 385 420 170 195 148 79 70 233 210 74 45 300 115 252 176
12 28 144 478 137 267 363 219 180 48 35 115 62 183 323 197 12 47 237 484 130 307 406 213 78 362 430 469 230 158 375 394 439 353 403 123 379 268 368 65 39 397 241 257 229 208 364 468 303 491 488 110 308 379 16 250 100 55
26 47 2 3 5 7 11 13 17 19 23 29 31 37 41 43 47 53 59 61 67 71 73 79 83 89 97 101 103 107 109 113 127 131 137 139 149 151 157 163 167 173 179 181 191 193 197 199 211 223 227 229 233 239 241 251 257 263 269 271 277 281 283 293 307 311 313 317 331 337 347 349 353 359 367 373 379 383 389 397 401 409 419 421 431 433 439 443 449 457 461 463 467 479 487 491
6 6 190 53 276 154 394 317 428 353 245 116 351 155
28 35 397 366 431 178 453 471 170 194 368 105 12 361 59 34 64 356 44 288 251 156 189 111 181 475 106 145 181 29 328 166 131 241 500 434 141 478 314 265 61 342 486 65 331 250 14 467 16 196 61 448 476 94 211 378 170 248 56 452 186 386 272 398 143 308 374 395 487 123 463 489
3 3 339 250 301 199 109 34
15 29 14 483 67 32 113 320 22 162 28 300 89 160 339 309 5 134 311 137 42 441 242 453 149 27 212 346 66 193 488 404 184 36 103 340 495 345 282 400 103 274 209 473 131 482 215 380 488 1 488 369 434 204 91 390 65 455 94 257
4 5 244 132 65 46 12 11 129 81 487 342
10 24 423 218 175 461 124 334 330 334 100 35 75 182 309 470 475 376 25 66 96 13 93 378 96 254 355 392 173 359 87 209 172 279 263 294 346 11 301 384 225 401 261 464 121 213 356 255 130 487
8 8 432 314 286 283 125 77 414 269 362 281 409 404 384 39 30 18
1 36 244 188 457 138 121 386 226 47 50 360 443 98 66 457 44 472 101 384 365 122 316 107 436 437 318 164 389 350 167 160 305 179 188 54 427 339 234 460 373 109 207 254 211 32 452 453 402 381 490 406 500 159 453 67 322 159 489 267 28 211 391 407 26 483 450 418 221 392 458 417 331 415
2 25 222 384 433 221 157 460 194 418 128 87 139 220 163 467 163 364 60 350 294 386 346 274 202 53 466 19 453 484 400 166 377 351 28 101 335 485 412 269 48 381 409 407 339 82 468 419 255 17 223 446
2 4 9 9 482 417 211 120 151 69
22 47 2 3 5 7 11 13 17 19 23 29 31 37 41 43 47 53 59 61 67 71 73 79 83 89 97 101 103 107 109 113 127 131 137 139 149 151 157 163 167 173 179 181 191 193 197 199 211 223 227 229 233 239 241 251 257 263 269 271 277 281 283 293 307 311 313 317 331 337 347 349 353 359 367 373 379 383 389 397 401 409 419 421 431 433 439 443 449 457 461 463 467 479 487 491
18 21 405 71 319 382 291 211 391 67 470 66 308 175 87 18 91 114 265 323 421 480 224 447 237 461 453 485 63 230 117 118 100 82 423 197 347 408 45 434 353 458 324 226
32 47 2 3 5 7 11 13 17 19 23 29 31 37 41 43 47 53 59 61 67 71 73 79 83 89 97 101 103 107 109 113 127 131 137 139 149 151 157 163 167 173 179 181 191 193 197 199 211 223 227 229 233 239 241 251 257 263 269 271 277 281 283 293 307 311 313 317 331 337 347 349 353 359 367 373 379 383 389 397 401 409 419 421 431 433 439 443 449 457 461 463 467 479 487 491
23 47 2 3 5 7 11 13 17 19 23 29 31 37 41 43 47 53 59 61 67 71 73 79 83 89 97 101 103 107 109 113 127 131 137 139 149 151 157 163 167 173 179 181 191 193 197 199 211 223 227 229 233 239 241 251 257 263 269 271 277 281 283 293 307 311 313 317 331 337 347 349 353 359 367 373 379 383 389 397 401 409 419 421 431 433 439 443 449 457 461 463 467 479 487 491
28 47 2 3 5 7 11 13 17 19 23 29 31 37 41 43 47 53 59 61 67 71 73 79 83 89 97 101 103 107 109 113 127 131 137 139 149 151 157 163 167 173 179 181 191 193 197 199 211 223 227 229 233 239 241 251 257 263 269 271 277 281 283 293 307 311 313 317 331 337 347 349 353 359 367 373 379 383 389 397 401 409 419 421 431 433 439 443 449 457 461 463 467 479 487 491
