20
22 47 2 3 5 7 11 13 17 19 23 29 31 37 41 43 47 53 59 61 67 71 73 79 83 89 97 101 103 107 109 113 127 131 137 139 149 151 157 163 167 173 179 181 191 193 197 199 211 223 227 229 233 239 241 251 257 263 269 271 277 281 283 293 307 311 313 317 331 337 347 349 353 359 367 373 379 383 389 397 401 409 419 421 431 433 439 443 449 457 461 463 467 479 487 491
27 47 2 3 5 7 11 13 17 19 23 29 31 37 41 43 47 53 59 61 67 71 73 79 83 89 97 101 103 107 109 113 127 131 137 139 149 151 157 163 167 173 179 181 191 193 197 199 211 223 227 229 233 239 241 251 257 263 269 271 277 281 283 293 307 311 313 317 331 337 347 349 353 359 367 373 379 383 389 397 401 409 419 421 431 433 439 443 449 457 461 463 467 479 487 491
12 28 144 478 137 267 363 219 180 48 35 115 62 183 323 197 12 47 237 484 130 307 406 213 78 362 430 469 230 158 375 394 439 353 403 123 379 268 368 65 39 397 241 257 229 208 364 468 303 491 488 110 308 379 16 250 100 55
7 22 165 114 114 65 438 157 234 127 63 8 314 81 222 205 246 395 422 353 147 490 233 54 404 472 436 120 294 115 235 339 380 84 17 243 492 470 40 171 313 407 195 424 485 479
13 19 266 378 94 39 10 260 407 77 370 394 12 370 416 498 235 477 196 350 444 27 485 17 135 124 431 29 85 56 485 63 400 99 468 116 88 263 473 288
26 47 2 3 5 7 11 13 17 19 23 29 31 37 41 43 47 53 59 61 67 71 73 79 83 89 97 101 103 107 109 113 127 131 137 139 149 151 157 163 167 173 179 181 191 193 197 199 211 223 227 229 233 239 241 251 257 263 269 271 277 281 283 293 307 311 313 317 331 337 347 349 353 359 367 373 379 383 389 397 401 409 419 421 431 433 439 443 449 457 461 463 467 479 487 491
20 47 2 3 5 7 11 13 17 19 23 29 31 37 41 43 47 53 59 61 67 71 73 79 83 89 97 101 103 107 109 113 127 131 137 139 149 151 157 163 167 173 179 181 191 193 197 199 211 223 227 229 233 239 241 251 257 263 269 271 277 281 283 293 307 311 313 317 331 337 347 349 353 359 367 373 379 383 389 397 401 409 419 421 431 433 439 443 449 457 461 463 467 479 487 491
17 30 413 176 113 488 431 73 89 320 236 61 444 144 276 65 322 263 201 473 4 123 28 389 399 359 487 67 160 447 111 133 174 132 384 359 91 39 158 335 63 89 210 473 134 453 271 451 91 474 438 94 136 397 316 231 454 23 40 400 427 415
18 21 405 71 319 382 291 211 391 67 470 66 308 175 87 18 91 114 265 323 421 480 224 447 237 461 453 485 63 230 117 118 100 82 423 197 347 408 45 434 353 458 324 226
2 7 250 87 412 239 48 46 108 67 64 64 30 18 110 78
24 47 2 3 5 7 11 13 17 19 23 29 31 37 41 43 47 53 59 61 67 71 73 79 83 89 97 101 103 107 109 113 127 131 137 139 149 151 157 163 167 173 179 181 191 193 197 199 211 223 227 229 233 239 241 251 257 263 269 271 277 281 283 293 307 311 313 317 331 337 347 349 353 359 367 373 379 383 389 397 401 409 419 421 431 433 439 443 449 457 461 463 467 479 487 491
23 47 2 3 5 7 11 13 17 19 23 29 31 37 41 43 47 53 59 61 67 71 73 79 83 89 97 101 103 107 109 113 127 131 137 139 149 151 157 163 167 173 179 181 191 193 197 199 211 223 227 229 233 239 241 251 257 263 269 271 277 281 283 293 307 311 313 317 331 337 347 349 353 359 367 373 379 383 389 397 401 409 419 421 431 433 439 443 449 457 461 463 467 479 487 491
10 17 457 205 387 79 213 15 358 5 249 159 500 417 60 23 419 333 240 222 54 47 366 38 11 9 171 134 448 91 151 89 466 156 33 30
10 13 425 166 275 107 382 87 458 332 392 110 82 78 21 17 164 30 473 398 238 74 261 138 258 176 342 68
6 15 190 61 76 5 470 264 120 63 109 96 176 18 336 330 389 130 366 145 11 6 227 71 289 201 265 43 126 30 480 457
31 47 2 3 5 7 11 13 17 19 23 29 31 37 41 43 47 53 59 61 67 71 73 79 83 89 97 101 103 107 109 113 127 131 137 139 149 151 157 163 167 173 179 181 191 193 197 199 211 223 227 229 233 239 241 251 257 263 269 271 277 281 283 293 307 311 313 317 331 337 347 349 353 359 367 373 379 383 389 397 401 409 419 421 431 433 439 443 449 457 461 463 467 479 487 491
2 25 222 384 433 221 157 460 194 418 128 87 139 220 163 467 163 364 60 350 294 386 346 274 202 53 466 19 453 484 400 166 377 351 28 101 335 485 412 269 48 381 409 407 339 82 468 419 255 17 223 446
1 23 491 352 487 40 239 344 241 309 442 55 140 46 227 488 495 312 220 182 245 491 413 111 10 137 422 205 377 41 136 273 204 155 257 246 101 265 228 439 409 46 166 295 107 123 291 60
2 2 118 80 400 316
31 34 8 275 478 259 27 268 132 132 38 166 226 92 470 156 229 57 263 447 40 450 297 353 474 85 177 359 455 115 240 77 454 151 370 43 155 426 154 101 230 129 246 416 143 322 26 448 483 252 214 193 223 424 251 102 94 248 38 307 498 272 228 306 228 326 364 433 306 248
